0.000000 -40.000000 6.555940
0.000000 -40.000000 0.000000
0.596582 -40.000000 6.583306
0.596582 -40.000000 0.000000
1.193164 -40.000000 6.547163
1.193164 -40.000000 0.000000
1.789746 -40.000000 6.491325
1.789746 -40.000000 0.000000
2.386328 -40.000000 6.444715
2.386328 -40.000000 0.000000
2.982911 -40.000000 6.395500
2.982911 -40.000000 0.000000
3.579493 -40.000000 6.356195
3.579493 -40.000000 0.000000
4.176075 -40.000000 6.377573
4.176075 -40.000000 0.000000
4.772657 -40.000000 6.434647
4.772657 -40.000000 0.000000
5.369239 -40.000000 6.486252
5.369239 -40.000000 0.000000
5.965821 -40.000000 6.507358
5.965821 -40.000000 0.000000
6.562403 -40.000000 6.519649
6.562403 -40.000000 0.000000
7.158985 -40.000000 6.546681
7.158985 -40.000000 0.000000
7.755568 -40.000000 6.583623
7.755568 -40.000000 0.000000
8.352150 -40.000000 6.594533
8.352150 -40.000000 0.000000
8.948731 -40.000000 6.563724
8.948731 -40.000000 0.000000
9.545314 -40.000000 6.616858
9.545314 -40.000000 0.000000
10.141896 -40.000000 6.711911
10.141896 -40.000000 0.000000
10.738478 -40.000000 6.827336
10.738478 -40.000000 0.000000
11.335060 -40.000000 6.985561
11.335060 -40.000000 0.000000
11.931643 -40.000000 7.181192
11.931643 -40.000000 0.000000
12.528224 -40.000000 7.352484
12.528224 -40.000000 0.000000
13.124806 -40.000000 7.417229
13.124806 -40.000000 0.000000
13.721389 -40.000000 7.313765
13.721389 -40.000000 0.000000
14.317970 -40.000000 7.124804
14.317970 -40.000000 0.000000
14.914553 -40.000000 6.948630
14.914553 -40.000000 0.000000
15.511135 -40.000000 6.844088
15.511135 -40.000000 0.000000
16.107718 -40.000000 6.849047
16.107718 -40.000000 0.000000
16.704300 -40.000000 6.900195
16.704300 -40.000000 0.000000
17.300880 -40.000000 6.931758
17.300880 -40.000000 0.000000
17.897463 -40.000000 6.934558
17.897463 -40.000000 0.000000
18.494045 -40.000000 6.985914
18.494045 -40.000000 0.000000
19.090628 -40.000000 7.108474
19.090628 -40.000000 0.000000
19.687210 -40.000000 7.265946
19.687210 -40.000000 0.000000
20.283792 -40.000000 7.404598
20.283792 -40.000000 0.000000
20.880375 -40.000000 7.506750
20.880375 -40.000000 0.000000
21.476955 -40.000000 7.619409
21.476955 -40.000000 0.000000
22.073538 -40.000000 7.776993
22.073538 -40.000000 0.000000
22.670120 -40.000000 7.913412
22.670120 -40.000000 0.000000
23.266703 -40.000000 7.973367
23.266703 -40.000000 0.000000
0.000000 -39.000000 6.650733
0.000000 -39.000000 0.000000
23.266703 -39.000000 7.790699
23.266703 -39.000000 0.000000
0.596582 -39.000000 6.604331
1.193164 -39.000000 6.531126
1.789746 -39.000000 6.514797
2.386328 -39.000000 6.515017
2.982911 -39.000000 6.491191
3.579493 -39.000000 6.469688
4.176075 -39.000000 6.528635
4.772657 -39.000000 6.610674
5.369239 -39.000000 6.677920
5.965821 -39.000000 6.697111
6.562403 -39.000000 6.688514
7.158985 -39.000000 6.705055
7.755568 -39.000000 6.736150
8.352150 -39.000000 6.751413
8.948731 -39.000000 6.752290
9.545314 -39.000000 6.821757
10.141896 -39.000000 6.910834
10.738478 -39.000000 7.004681
11.335060 -39.000000 7.143292
11.931643 -39.000000 7.307579
12.528224 -39.000000 7.468737
13.124806 -39.000000 7.513382
13.721389 -39.000000 7.371179
14.317970 -39.000000 7.173069
14.914553 -39.000000 7.052494
15.511135 -39.000000 7.041749
16.107718 -39.000000 7.126083
16.704300 -39.000000 7.220417
17.300880 -39.000000 7.254957
17.897463 -39.000000 7.191765
18.494045 -39.000000 7.130270
19.090628 -39.000000 7.145793
19.687210 -39.000000 7.234595
20.283792 -39.000000 7.333960
20.880375 -39.000000 7.417790
21.476955 -39.000000 7.523712
22.073538 -39.000000 7.667769
22.670120 -39.000000 7.774417
0.000000 -38.000000 6.774490
0.000000 -38.000000 0.000000
23.266703 -38.000000 7.710494
23.266703 -38.000000 0.000000
0.596582 -38.000000 6.689541
1.193164 -38.000000 6.618590
1.789746 -38.000000 6.623407
2.386328 -38.000000 6.638976
2.982911 -38.000000 6.621896
3.579493 -38.000000 6.618642
4.176075 -38.000000 6.695292
4.772657 -38.000000 6.792438
5.369239 -38.000000 6.879454
5.965821 -38.000000 6.904755
6.562403 -38.000000 6.882274
7.158985 -38.000000 6.885452
7.755568 -38.000000 6.913531
8.352150 -38.000000 6.944301
8.948731 -38.000000 6.957476
9.545314 -38.000000 7.013778
10.141896 -38.000000 7.110825
10.738478 -38.000000 7.216331
11.335060 -38.000000 7.335725
11.931643 -38.000000 7.475786
12.528224 -38.000000 7.607572
13.124806 -38.000000 7.622967
13.721389 -38.000000 7.480622
14.317970 -38.000000 7.316491
14.914553 -38.000000 7.244143
15.511135 -38.000000 7.286133
16.107718 -38.000000 7.399587
16.704300 -38.000000 7.510238
17.300880 -38.000000 7.533458
17.897463 -38.000000 7.436221
18.494045 -38.000000 7.315701
19.090628 -38.000000 7.248864
19.687210 -38.000000 7.247651
20.283792 -38.000000 7.307019
20.880375 -38.000000 7.419632
21.476955 -38.000000 7.554424
22.073538 -38.000000 7.676769
22.670120 -38.000000 7.739531
0.000000 -37.000000 6.882810
0.000000 -37.000000 0.000000
23.266703 -37.000000 7.785859
23.266703 -37.000000 0.000000
0.596582 -37.000000 6.809213
1.193164 -37.000000 6.735159
1.789746 -37.000000 6.735964
2.386328 -37.000000 6.750934
2.982911 -37.000000 6.753934
3.579493 -37.000000 6.780150
4.176075 -37.000000 6.857607
4.772657 -37.000000 6.957964
5.369239 -37.000000 7.065943
5.965821 -37.000000 7.118568
6.562403 -37.000000 7.116335
7.158985 -37.000000 7.119785
7.755568 -37.000000 7.142966
8.352150 -37.000000 7.184873
8.948731 -37.000000 7.204465
9.545314 -37.000000 7.231853
10.141896 -37.000000 7.288076
10.738478 -37.000000 7.366659
11.335060 -37.000000 7.463019
11.931643 -37.000000 7.591674
12.528224 -37.000000 7.704600
13.124806 -37.000000 7.742785
13.721389 -37.000000 7.648982
14.317970 -37.000000 7.533340
14.914553 -37.000000 7.500934
15.511135 -37.000000 7.562409
16.107718 -37.000000 7.667126
16.704300 -37.000000 7.749801
17.300880 -37.000000 7.732714
17.897463 -37.000000 7.612669
18.494045 -37.000000 7.491035
19.090628 -37.000000 7.411533
19.687210 -37.000000 7.367923
20.283792 -37.000000 7.409413
20.880375 -37.000000 7.536308
21.476955 -37.000000 7.692586
22.073538 -37.000000 7.810251
22.670120 -37.000000 7.857841
0.000000 -36.000000 6.988174
0.000000 -36.000000 0.000000
23.266703 -36.000000 7.877009
23.266703 -36.000000 0.000000
0.596582 -36.000000 6.926022
1.193164 -36.000000 6.859391
1.789746 -36.000000 6.859868
2.386328 -36.000000 6.877346
2.982911 -36.000000 6.904803
3.579493 -36.000000 6.951014
4.176075 -36.000000 7.028104
4.772657 -36.000000 7.128238
5.369239 -36.000000 7.247677
5.965821 -36.000000 7.329359
6.562403 -36.000000 7.367845
7.158985 -36.000000 7.396169
7.755568 -36.000000 7.419526
8.352150 -36.000000 7.464257
8.948731 -36.000000 7.498047
9.545314 -36.000000 7.517882
10.141896 -36.000000 7.539732
10.738478 -36.000000 7.560266
11.335060 -36.000000 7.610467
11.931643 -36.000000 7.698341
12.528224 -36.000000 7.785829
13.124806 -36.000000 7.855826
13.721389 -36.000000 7.829317
14.317970 -36.000000 7.763867
14.914553 -36.000000 7.775917
15.511135 -36.000000 7.850023
16.107718 -36.000000 7.929925
16.704300 -36.000000 7.965712
17.300880 -36.000000 7.897954
17.897463 -36.000000 7.775027
18.494045 -36.000000 7.670020
19.090628 -36.000000 7.578352
19.687210 -36.000000 7.507922
20.283792 -36.000000 7.527325
20.880375 -36.000000 7.639405
21.476955 -36.000000 7.791988
22.073538 -36.000000 7.920473
22.670120 -36.000000 7.980188
0.000000 -35.000000 7.093827
0.000000 -35.000000 0.000000
23.266703 -35.000000 7.963939
23.266703 -35.000000 0.000000
0.596582 -35.000000 7.045459
1.193164 -35.000000 7.007041
1.789746 -35.000000 7.002469
2.386328 -35.000000 7.013589
2.982911 -35.000000 7.043530
3.579493 -35.000000 7.097106
4.176075 -35.000000 7.179759
4.772657 -35.000000 7.290386
5.369239 -35.000000 7.411898
5.965821 -35.000000 7.525343
6.562403 -35.000000 7.607408
7.158985 -35.000000 7.682207
7.755568 -35.000000 7.731179
8.352150 -35.000000 7.777666
8.948731 -35.000000 7.808683
9.545314 -35.000000 7.820127
10.141896 -35.000000 7.823486
10.738478 -35.000000 7.814806
11.335060 -35.000000 7.842038
11.931643 -35.000000 7.897971
12.528224 -35.000000 7.958258
13.124806 -35.000000 8.015448
13.721389 -35.000000 8.032772
14.317970 -35.000000 8.010248
14.914553 -35.000000 8.029028
15.511135 -35.000000 8.092625
16.107718 -35.000000 8.150359
16.704300 -35.000000 8.161909
17.300880 -35.000000 8.095212
17.897463 -35.000000 7.978366
18.494045 -35.000000 7.852899
19.090628 -35.000000 7.745026
19.687210 -35.000000 7.668481
20.283792 -35.000000 7.663369
20.880375 -35.000000 7.732400
21.476955 -35.000000 7.848529
22.073538 -35.000000 7.977102
22.670120 -35.000000 8.045156
0.000000 -34.000000 7.251505
0.000000 -34.000000 0.000000
23.266703 -34.000000 7.994970
23.266703 -34.000000 0.000000
0.596582 -34.000000 7.224529
1.193164 -34.000000 7.189094
1.789746 -34.000000 7.171110
2.386328 -34.000000 7.178057
2.982911 -34.000000 7.200211
3.579493 -34.000000 7.239874
4.176075 -34.000000 7.319754
4.772657 -34.000000 7.424724
5.369239 -34.000000 7.548459
5.965821 -34.000000 7.677640
6.562403 -34.000000 7.789911
7.158985 -34.000000 7.907332
7.755568 -34.000000 7.996949
8.352150 -34.000000 8.055950
8.948731 -34.000000 8.075232
9.545314 -34.000000 8.070807
10.141896 -34.000000 8.057505
10.738478 -34.000000 8.030037
11.335060 -34.000000 8.042471
11.931643 -34.000000 8.086885
12.528224 -34.000000 8.136381
13.124806 -34.000000 8.181243
13.721389 -34.000000 8.211952
14.317970 -34.000000 8.228598
14.914553 -34.000000 8.261928
15.511135 -34.000000 8.309040
16.107718 -34.000000 8.339945
16.704300 -34.000000 8.342026
17.300880 -34.000000 8.284028
17.897463 -34.000000 8.170807
18.494045 -34.000000 8.032985
19.090628 -34.000000 7.909407
19.687210 -34.000000 7.837811
20.283792 -34.000000 7.816132
20.880375 -34.000000 7.864894
21.476955 -34.000000 7.952903
22.073538 -34.000000 8.044376
22.670120 -34.000000 8.073103
0.000000 -33.000000 7.462277
0.000000 -33.000000 0.000000
23.266703 -33.000000 7.852964
23.266703 -33.000000 0.000000
0.596582 -33.000000 7.441963
1.193164 -33.000000 7.403481
1.789746 -33.000000 7.371861
2.386328 -33.000000 7.381719
2.982911 -33.000000 7.391474
3.579493 -33.000000 7.409666
4.176075 -33.000000 7.469404
4.772657 -33.000000 7.550372
5.369239 -33.000000 7.654476
5.965821 -33.000000 7.772608
6.562403 -33.000000 7.885472
7.158985 -33.000000 8.008724
7.755568 -33.000000 8.114035
8.352150 -33.000000 8.181530
8.948731 -33.000000 8.191236
9.545314 -33.000000 8.157618
10.141896 -33.000000 8.136301
10.738478 -33.000000 8.115644
11.335060 -33.000000 8.113577
11.931643 -33.000000 8.137245
12.528224 -33.000000 8.173605
13.124806 -33.000000 8.221663
13.721389 -33.000000 8.268702
14.317970 -33.000000 8.307753
14.914553 -33.000000 8.357143
15.511135 -33.000000 8.415630
16.107718 -33.000000 8.449608
16.704300 -33.000000 8.465579
17.300880 -33.000000 8.420958
17.897463 -33.000000 8.334017
18.494045 -33.000000 8.220692
19.090628 -33.000000 8.100125
19.687210 -33.000000 8.024236
20.283792 -33.000000 7.988909
20.880375 -33.000000 7.997193
21.476955 -33.000000 8.026443
22.073538 -33.000000 8.027872
22.670120 -33.000000 7.970263
0.000000 -32.000000 7.608628
0.000000 -32.000000 0.000000
23.266703 -32.000000 7.740189
23.266703 -32.000000 0.000000
0.596582 -32.000000 7.613429
1.193164 -32.000000 7.600701
1.789746 -32.000000 7.581083
2.386328 -32.000000 7.583417
2.982911 -32.000000 7.594182
3.579493 -32.000000 7.604947
4.176075 -32.000000 7.640774
4.772657 -32.000000 7.690706
5.369239 -32.000000 7.757935
5.965821 -32.000000 7.840498
6.562403 -32.000000 7.922088
7.158985 -32.000000 8.001053
7.755568 -32.000000 8.064775
8.352150 -32.000000 8.087503
8.948731 -32.000000 8.068432
9.545314 -32.000000 8.008417
10.141896 -32.000000 7.982430
10.738478 -32.000000 7.972281
11.335060 -32.000000 7.972310
11.931643 -32.000000 7.984432
12.528224 -32.000000 8.011936
13.124806 -32.000000 8.064402
13.721389 -32.000000 8.127785
14.317970 -32.000000 8.186165
14.914553 -32.000000 8.241082
15.511135 -32.000000 8.321281
16.107718 -32.000000 8.399216
16.704300 -32.000000 8.461485
17.300880 -32.000000 8.490365
17.897463 -32.000000 8.465456
18.494045 -32.000000 8.391884
19.090628 -32.000000 8.302585
19.687210 -32.000000 8.230623
20.283792 -32.000000 8.179489
20.880375 -32.000000 8.120403
21.476955 -32.000000 8.057493
22.073538 -32.000000 7.973561
22.670120 -32.000000 7.866150
0.000000 -31.000000 7.623948
0.000000 -31.000000 0.000000
23.266703 -31.000000 7.807864
23.266703 -31.000000 0.000000
0.596582 -31.000000 7.674475
1.193164 -31.000000 7.702734
1.789746 -31.000000 7.717024
2.386328 -31.000000 7.737721
2.982911 -31.000000 7.758323
3.579493 -31.000000 7.777713
4.176075 -31.000000 7.803500
4.772657 -31.000000 7.828372
5.369239 -31.000000 7.858226
5.965821 -31.000000 7.890490
6.562403 -31.000000 7.922755
7.158985 -31.000000 7.933526
7.755568 -31.000000 7.912368
8.352150 -31.000000 7.866737
8.948731 -31.000000 7.818141
9.545314 -31.000000 7.757878
10.141896 -31.000000 7.727460
10.738478 -31.000000 7.721087
11.335060 -31.000000 7.725109
11.931643 -31.000000 7.742541
12.528224 -31.000000 7.774960
13.124806 -31.000000 7.814651
13.721389 -31.000000 7.863269
14.317970 -31.000000 7.938067
14.914553 -31.000000 8.013487
15.511135 -31.000000 8.109388
16.107718 -31.000000 8.230377
16.704300 -31.000000 8.354348
17.300880 -31.000000 8.465769
17.897463 -31.000000 8.515348
18.494045 -31.000000 8.506184
19.090628 -31.000000 8.468630
19.687210 -31.000000 8.416342
20.283792 -31.000000 8.356747
20.880375 -31.000000 8.273195
21.476955 -31.000000 8.172887
22.073538 -31.000000 8.058746
22.670120 -31.000000 7.929883
0.000000 -30.000000 7.548686
0.000000 -30.000000 0.000000
23.266703 -30.000000 8.003731
23.266703 -30.000000 0.000000
0.596582 -30.000000 7.605033
1.193164 -30.000000 7.649323
1.789746 -30.000000 7.696174
2.386328 -30.000000 7.747204
2.982911 -30.000000 7.788023
3.579493 -30.000000 7.824608
4.176075 -30.000000 7.847527
4.772657 -30.000000 7.860095
5.369239 -30.000000 7.866200
5.965821 -30.000000 7.855098
6.562403 -30.000000 7.834870
7.158985 -30.000000 7.785210
7.755568 -30.000000 7.710993
8.352150 -30.000000 7.645246
8.948731 -30.000000 7.586510
9.545314 -30.000000 7.526280
10.141896 -30.000000 7.501712
10.738478 -30.000000 7.503347
11.335060 -30.000000 7.511332
11.931643 -30.000000 7.529370
12.528224 -30.000000 7.566450
13.124806 -30.000000 7.597095
13.721389 -30.000000 7.633725
14.317970 -30.000000 7.711630
14.914553 -30.000000 7.814381
15.511135 -30.000000 7.932277
16.107718 -30.000000 8.073545
16.704300 -30.000000 8.234430
17.300880 -30.000000 8.381502
17.897463 -30.000000 8.474180
18.494045 -30.000000 8.529298
19.090628 -30.000000 8.547233
19.687210 -30.000000 8.536656
20.283792 -30.000000 8.505196
20.880375 -30.000000 8.442166
21.476955 -30.000000 8.361179
22.073538 -30.000000 8.252518
22.670120 -30.000000 8.125168
0.000000 -29.000000 7.422966
0.000000 -29.000000 0.000000
23.266703 -29.000000 8.245714
23.266703 -29.000000 0.000000
0.596582 -29.000000 7.463153
1.193164 -29.000000 7.495449
1.789746 -29.000000 7.559170
2.386328 -29.000000 7.629878
2.982911 -29.000000 7.677104
3.579493 -29.000000 7.715847
4.176075 -29.000000 7.731572
4.772657 -29.000000 7.738019
5.369239 -29.000000 7.747574
5.965821 -29.000000 7.716619
6.562403 -29.000000 7.655363
7.158985 -29.000000 7.570877
7.755568 -29.000000 7.486660
8.352150 -29.000000 7.431158
8.948731 -29.000000 7.368979
9.545314 -29.000000 7.316595
10.141896 -29.000000 7.302465
10.738478 -29.000000 7.304971
11.335060 -29.000000 7.321633
11.931643 -29.000000 7.343361
12.528224 -29.000000 7.380440
13.124806 -29.000000 7.415749
13.721389 -29.000000 7.466603
14.317970 -29.000000 7.547868
14.914553 -29.000000 7.656244
15.511135 -29.000000 7.781217
16.107718 -29.000000 7.927409
16.704300 -29.000000 8.084873
17.300880 -29.000000 8.219161
17.897463 -29.000000 8.331007
18.494045 -29.000000 8.426270
19.090628 -29.000000 8.493567
19.687210 -29.000000 8.537882
20.283792 -29.000000 8.563055
20.880375 -29.000000 8.557699
21.476955 -29.000000 8.525685
22.073538 -29.000000 8.442247
22.670120 -29.000000 8.349501
0.000000 -28.000000 7.261428
0.000000 -28.000000 0.000000
23.266703 -28.000000 8.405941
23.266703 -28.000000 0.000000
0.596582 -28.000000 7.303539
1.193164 -28.000000 7.344424
1.789746 -28.000000 7.407499
2.386328 -28.000000 7.475464
2.982911 -28.000000 7.508194
3.579493 -28.000000 7.527606
4.176075 -28.000000 7.530037
4.772657 -28.000000 7.531941
5.369239 -28.000000 7.543983
5.965821 -28.000000 7.518858
6.562403 -28.000000 7.436374
7.158985 -28.000000 7.344199
7.755568 -28.000000 7.268320
8.352150 -28.000000 7.222023
8.948731 -28.000000 7.166893
9.545314 -28.000000 7.125678
10.141896 -28.000000 7.121346
10.738478 -28.000000 7.137084
11.335060 -28.000000 7.157999
11.931643 -28.000000 7.179726
12.528224 -28.000000 7.213705
13.124806 -28.000000 7.250903
13.721389 -28.000000 7.310682
14.317970 -28.000000 7.393465
14.914553 -28.000000 7.493462
15.511135 -28.000000 7.612341
16.107718 -28.000000 7.735704
16.704300 -28.000000 7.858473
17.300880 -28.000000 7.983901
17.897463 -28.000000 8.105646
18.494045 -28.000000 8.230797
19.090628 -28.000000 8.345415
19.687210 -28.000000 8.425928
20.283792 -28.000000 8.486134
20.880375 -28.000000 8.532810
21.476955 -28.000000 8.551102
22.073538 -28.000000 8.518009
22.670120 -28.000000 8.467966
0.000000 -27.000000 7.106930
0.000000 -27.000000 0.000000
23.266703 -27.000000 8.352705
23.266703 -27.000000 0.000000
0.596582 -27.000000 7.157120
1.193164 -27.000000 7.201665
1.789746 -27.000000 7.263180
2.386328 -27.000000 7.321217
2.982911 -27.000000 7.339460
3.579493 -27.000000 7.334490
4.176075 -27.000000 7.317976
4.772657 -27.000000 7.310988
5.369239 -27.000000 7.319646
5.965821 -27.000000 7.307837
6.562403 -27.000000 7.232447
7.158985 -27.000000 7.159618
7.755568 -27.000000 7.092529
8.352150 -27.000000 7.035980
8.948731 -27.000000 7.002850
9.545314 -27.000000 6.975248
10.141896 -27.000000 6.967453
10.738478 -27.000000 6.990682
11.335060 -27.000000 7.012157
11.931643 -27.000000 7.035784
12.528224 -27.000000 7.063168
13.124806 -27.000000 7.105118
13.721389 -27.000000 7.169483
14.317970 -27.000000 7.246706
14.914553 -27.000000 7.327058
15.511135 -27.000000 7.422181
16.107718 -27.000000 7.517154
16.704300 -27.000000 7.615914
17.300880 -27.000000 7.733635
17.897463 -27.000000 7.865676
18.494045 -27.000000 8.012104
19.090628 -27.000000 8.138038
19.687210 -27.000000 8.231199
20.283792 -27.000000 8.289505
20.880375 -27.000000 8.318203
21.476955 -27.000000 8.336607
22.073538 -27.000000 8.349255
22.670120 -27.000000 8.357069
0.000000 -26.000000 6.963615
0.000000 -26.000000 0.000000
23.266703 -26.000000 8.098456
23.266703 -26.000000 0.000000
0.596582 -26.000000 7.011929
1.193164 -26.000000 7.056801
1.789746 -26.000000 7.120487
2.386328 -26.000000 7.176023
2.982911 -26.000000 7.197689
3.579493 -26.000000 7.172983
4.176075 -26.000000 7.132333
4.772657 -26.000000 7.108517
5.369239 -26.000000 7.100592
5.965821 -26.000000 7.077759
6.562403 -26.000000 7.029125
7.158985 -26.000000 6.978858
7.755568 -26.000000 6.923717
8.352150 -26.000000 6.873291
8.948731 -26.000000 6.862926
9.545314 -26.000000 6.857910
10.141896 -26.000000 6.849301
10.738478 -26.000000 6.863933
11.335060 -26.000000 6.881438
11.931643 -26.000000 6.909121
12.528224 -26.000000 6.933641
13.124806 -26.000000 6.975332
13.721389 -26.000000 7.029501
14.317970 -26.000000 7.103987
14.914553 -26.000000 7.169425
15.511135 -26.000000 7.239973
16.107718 -26.000000 7.323067
16.704300 -26.000000 7.412294
17.300880 -26.000000 7.525389
17.897463 -26.000000 7.636663
18.494045 -26.000000 7.745883
19.090628 -26.000000 7.852591
19.687210 -26.000000 7.939617
20.283792 -26.000000 7.995132
20.880375 -26.000000 8.006207
21.476955 -26.000000 8.016420
22.073538 -26.000000 8.048463
22.670120 -26.000000 8.079790
0.000000 -25.000000 6.816831
0.000000 -25.000000 0.000000
23.266703 -25.000000 7.801055
23.266703 -25.000000 0.000000
0.596582 -25.000000 6.870497
1.193164 -25.000000 6.950883
1.789746 -25.000000 7.016608
2.386328 -25.000000 7.057026
2.982911 -25.000000 7.071331
3.579493 -25.000000 7.036165
4.176075 -25.000000 6.973083
4.772657 -25.000000 6.931112
5.369239 -25.000000 6.911170
5.965821 -25.000000 6.879113
6.562403 -25.000000 6.834189
7.158985 -25.000000 6.784841
7.755568 -25.000000 6.750854
8.352150 -25.000000 6.733726
8.948731 -25.000000 6.740883
9.545314 -25.000000 6.752983
10.141896 -25.000000 6.749814
10.738478 -25.000000 6.748932
11.335060 -25.000000 6.761869
11.931643 -25.000000 6.787028
12.528224 -25.000000 6.813471
13.124806 -25.000000 6.848601
13.721389 -25.000000 6.896654
14.317970 -25.000000 6.959100
14.914553 -25.000000 7.021760
15.511135 -25.000000 7.092905
16.107718 -25.000000 7.172890
16.704300 -25.000000 7.245453
17.300880 -25.000000 7.327384
17.897463 -25.000000 7.399461
18.494045 -25.000000 7.478548
19.090628 -25.000000 7.568594
19.687210 -25.000000 7.633407
20.283792 -25.000000 7.672166
20.880375 -25.000000 7.695181
21.476955 -25.000000 7.713008
22.073538 -25.000000 7.741024
22.670120 -25.000000 7.768957
0.000000 -24.000000 6.691360
0.000000 -24.000000 0.000000
23.266703 -24.000000 7.551418
23.266703 -24.000000 0.000000
0.596582 -24.000000 6.767210
1.193164 -24.000000 6.866885
1.789746 -24.000000 6.921374
2.386328 -24.000000 6.940307
2.982911 -24.000000 6.950128
3.579493 -24.000000 6.944842
4.176075 -24.000000 6.888778
4.772657 -24.000000 6.818683
5.369239 -24.000000 6.777679
5.965821 -24.000000 6.739818
6.562403 -24.000000 6.683510
7.158985 -24.000000 6.634502
7.755568 -24.000000 6.613156
8.352150 -24.000000 6.606425
8.948731 -24.000000 6.617544
9.545314 -24.000000 6.630254
10.141896 -24.000000 6.644124
10.738478 -24.000000 6.649898
11.335060 -24.000000 6.658225
11.931643 -24.000000 6.673769
12.528224 -24.000000 6.698771
13.124806 -24.000000 6.732960
13.721389 -24.000000 6.786568
14.317970 -24.000000 6.839148
14.914553 -24.000000 6.892235
15.511135 -24.000000 6.955378
16.107718 -24.000000 7.015939
16.704300 -24.000000 7.086420
17.300880 -24.000000 7.153112
17.897463 -24.000000 7.203118
18.494045 -24.000000 7.256085
19.090628 -24.000000 7.301253
19.687210 -24.000000 7.345247
20.283792 -24.000000 7.384652
20.880375 -24.000000 7.418149
21.476955 -24.000000 7.438067
22.073538 -24.000000 7.465477
22.670120 -24.000000 7.504297
0.000000 -23.000000 6.569883
0.000000 -23.000000 0.000000
23.266703 -23.000000 7.341055
23.266703 -23.000000 0.000000
0.596582 -23.000000 6.648549
1.193164 -23.000000 6.733035
1.789746 -23.000000 6.771374
2.386328 -23.000000 6.783627
2.982911 -23.000000 6.810877
3.579493 -23.000000 6.836088
4.176075 -23.000000 6.815811
4.772657 -23.000000 6.760644
5.369239 -23.000000 6.702822
5.965821 -23.000000 6.642153
6.562403 -23.000000 6.564262
7.158985 -23.000000 6.515326
7.755568 -23.000000 6.499471
8.352150 -23.000000 6.492410
8.948731 -23.000000 6.492092
9.545314 -23.000000 6.491082
10.141896 -23.000000 6.499744
10.738478 -23.000000 6.521958
11.335060 -23.000000 6.546310
11.931643 -23.000000 6.567149
12.528224 -23.000000 6.594349
13.124806 -23.000000 6.633808
13.721389 -23.000000 6.681489
14.317970 -23.000000 6.723276
14.914553 -23.000000 6.773276
15.511135 -23.000000 6.823979
16.107718 -23.000000 6.861110
16.704300 -23.000000 6.918063
17.300880 -23.000000 6.979099
17.897463 -23.000000 7.015428
18.494045 -23.000000 7.051141
19.090628 -23.000000 7.077527
19.687210 -23.000000 7.106761
20.283792 -23.000000 7.153391
20.880375 -23.000000 7.184873
21.476955 -23.000000 7.206995
22.073538 -23.000000 7.236238
22.670120 -23.000000 7.287541
0.000000 -22.000000 6.447322
0.000000 -22.000000 0.000000
23.266703 -22.000000 7.166180
23.266703 -22.000000 0.000000
0.596582 -22.000000 6.502678
1.193164 -22.000000 6.566927
1.789746 -22.000000 6.605361
2.386328 -22.000000 6.632403
2.982911 -22.000000 6.672164
3.579493 -22.000000 6.694227
4.176075 -22.000000 6.683885
4.772657 -22.000000 6.659851
5.369239 -22.000000 6.604582
5.965821 -22.000000 6.537843
6.562403 -22.000000 6.455699
7.158985 -22.000000 6.402392
7.755568 -22.000000 6.379148
8.352150 -22.000000 6.374299
8.948731 -22.000000 6.360416
9.545314 -22.000000 6.336185
10.141896 -22.000000 6.338308
10.738478 -22.000000 6.368264
11.335060 -22.000000 6.409499
11.931643 -22.000000 6.451398
12.528224 -22.000000 6.487639
13.124806 -22.000000 6.518980
13.721389 -22.000000 6.552209
14.317970 -22.000000 6.594368
14.914553 -22.000000 6.646225
15.511135 -22.000000 6.698502
16.107718 -22.000000 6.736246
16.704300 -22.000000 6.771621
17.300880 -22.000000 6.805439
17.897463 -22.000000 6.833073
18.494045 -22.000000 6.860458
19.090628 -22.000000 6.889995
19.687210 -22.000000 6.921679
20.283792 -22.000000 6.965157
20.880375 -22.000000 6.995459
21.476955 -22.000000 7.020692
22.073538 -22.000000 7.048070
22.670120 -22.000000 7.099680
0.000000 -21.000000 6.366048
0.000000 -21.000000 0.000000
23.266703 -21.000000 7.032039
23.266703 -21.000000 0.000000
0.596582 -21.000000 6.355152
1.193164 -21.000000 6.387314
1.789746 -21.000000 6.426473
2.386328 -21.000000 6.466756
2.982911 -21.000000 6.504542
3.579493 -21.000000 6.517977
4.176075 -21.000000 6.492723
4.772657 -21.000000 6.473264
5.369239 -21.000000 6.443261
5.965821 -21.000000 6.409655
6.562403 -21.000000 6.352656
7.158985 -21.000000 6.277553
7.755568 -21.000000 6.245061
8.352150 -21.000000 6.243902
8.948731 -21.000000 6.225054
9.545314 -21.000000 6.190587
10.141896 -21.000000 6.197506
10.738478 -21.000000 6.238220
11.335060 -21.000000 6.279419
11.931643 -21.000000 6.329451
12.528224 -21.000000 6.359952
13.124806 -21.000000 6.382989
13.721389 -21.000000 6.420497
14.317970 -21.000000 6.478944
14.914553 -21.000000 6.523947
15.511135 -21.000000 6.565300
16.107718 -21.000000 6.594488
16.704300 -21.000000 6.615067
17.300880 -21.000000 6.647065
17.897463 -21.000000 6.683645
18.494045 -21.000000 6.706309
19.090628 -21.000000 6.739005
19.687210 -21.000000 6.776210
20.283792 -21.000000 6.805347
20.880375 -21.000000 6.840501
21.476955 -21.000000 6.880779
22.073538 -21.000000 6.920075
22.670120 -21.000000 6.966966
0.000000 -20.000000 6.362176
0.000000 -20.000000 0.000000
23.266703 -20.000000 6.924502
23.266703 -20.000000 0.000000
0.596582 -20.000000 6.278609
1.193164 -20.000000 6.239270
1.789746 -20.000000 6.233385
2.386328 -20.000000 6.263446
2.982911 -20.000000 6.318295
3.579493 -20.000000 6.343097
4.176075 -20.000000 6.321245
4.772657 -20.000000 6.282129
5.369239 -20.000000 6.256702
5.965821 -20.000000 6.254320
6.562403 -20.000000 6.229380
7.158985 -20.000000 6.155123
7.755568 -20.000000 6.111834
8.352150 -20.000000 6.121586
8.948731 -20.000000 6.125245
9.545314 -20.000000 6.086631
10.141896 -20.000000 6.064438
10.738478 -20.000000 6.097020
11.335060 -20.000000 6.146557
11.931643 -20.000000 6.193409
12.528224 -20.000000 6.227745
13.124806 -20.000000 6.273405
13.721389 -20.000000 6.338990
14.317970 -20.000000 6.399237
14.914553 -20.000000 6.416797
15.511135 -20.000000 6.406498
16.107718 -20.000000 6.419291
16.704300 -20.000000 6.458427
17.300880 -20.000000 6.505626
17.897463 -20.000000 6.540546
18.494045 -20.000000 6.550528
19.090628 -20.000000 6.574309
19.687210 -20.000000 6.626653
20.283792 -20.000000 6.667271
20.880375 -20.000000 6.699566
21.476955 -20.000000 6.744233
22.073538 -20.000000 6.801458
22.670120 -20.000000 6.859193
0.000000 -19.000000 6.403689
0.000000 -19.000000 0.000000
23.266703 -19.000000 6.808162
23.266703 -19.000000 0.000000
0.596582 -19.000000 6.296319
1.193164 -19.000000 6.207805
1.789746 -19.000000 6.140867
2.386328 -19.000000 6.117927
2.982911 -19.000000 6.143514
3.579493 -19.000000 6.159182
4.176075 -19.000000 6.151657
4.772657 -19.000000 6.115399
5.369239 -19.000000 6.082561
5.965821 -19.000000 6.079297
6.562403 -19.000000 6.079577
7.158985 -19.000000 6.040002
7.755568 -19.000000 5.992393
8.352150 -19.000000 6.001363
8.948731 -19.000000 6.034570
9.545314 -19.000000 6.010089
10.141896 -19.000000 5.962716
10.738478 -19.000000 5.968051
11.335060 -19.000000 6.023265
11.931643 -19.000000 6.065680
12.528224 -19.000000 6.105750
13.124806 -19.000000 6.164315
13.721389 -19.000000 6.219663
14.317970 -19.000000 6.262111
14.914553 -19.000000 6.265419
15.511135 -19.000000 6.229795
16.107718 -19.000000 6.257287
16.704300 -19.000000 6.319426
17.300880 -19.000000 6.367498
17.897463 -19.000000 6.377369
18.494045 -19.000000 6.369030
19.090628 -19.000000 6.395327
19.687210 -19.000000 6.462440
20.283792 -19.000000 6.511094
20.880375 -19.000000 6.547680
21.476955 -19.000000 6.601249
22.073538 -19.000000 6.666111
22.670120 -19.000000 6.745893
0.000000 -18.000000 6.454782
0.000000 -18.000000 0.000000
23.266703 -18.000000 6.621625
23.266703 -18.000000 0.000000
0.596582 -18.000000 6.368662
1.193164 -18.000000 6.270219
1.789746 -18.000000 6.181503
2.386328 -18.000000 6.116755
2.982911 -18.000000 6.058571
3.579493 -18.000000 6.017328
4.176075 -18.000000 6.004346
4.772657 -18.000000 5.979837
5.369239 -18.000000 5.952181
5.965821 -18.000000 5.935587
6.562403 -18.000000 5.939604
7.158985 -18.000000 5.927132
7.755568 -18.000000 5.893241
8.352150 -18.000000 5.883878
8.948731 -18.000000 5.910668
9.545314 -18.000000 5.918032
10.141896 -18.000000 5.881133
10.738478 -18.000000 5.861023
11.335060 -18.000000 5.890991
11.931643 -18.000000 5.921002
12.528224 -18.000000 5.952437
13.124806 -18.000000 6.002367
13.721389 -18.000000 6.044434
14.317970 -18.000000 6.074864
14.914553 -18.000000 6.075085
15.511135 -18.000000 6.058136
16.107718 -18.000000 6.094457
16.704300 -18.000000 6.151015
17.300880 -18.000000 6.182563
17.897463 -18.000000 6.176127
18.494045 -18.000000 6.175986
19.090628 -18.000000 6.210254
19.687210 -18.000000 6.260059
20.283792 -18.000000 6.312212
20.880375 -18.000000 6.370130
21.476955 -18.000000 6.445889
22.073538 -18.000000 6.518412
22.670120 -18.000000 6.589437
0.000000 -17.000000 6.484941
0.000000 -17.000000 0.000000
23.266703 -17.000000 6.377458
23.266703 -17.000000 0.000000
0.596582 -17.000000 6.398820
1.193164 -17.000000 6.314217
1.789746 -17.000000 6.235695
2.386328 -17.000000 6.161907
2.982911 -17.000000 6.087124
3.579493 -17.000000 6.028665
4.176075 -17.000000 6.012319
4.772657 -17.000000 5.988406
5.369239 -17.000000 5.934474
5.965821 -17.000000 5.887522
6.562403 -17.000000 5.871300
7.158985 -17.000000 5.857008
7.755568 -17.000000 5.846001
8.352150 -17.000000 5.823505
8.948731 -17.000000 5.807905
9.545314 -17.000000 5.811099
10.141896 -17.000000 5.791741
10.738478 -17.000000 5.783231
11.335060 -17.000000 5.803297
11.931643 -17.000000 5.809738
12.528224 -17.000000 5.812291
13.124806 -17.000000 5.835238
13.721389 -17.000000 5.871581
14.317970 -17.000000 5.898006
14.914553 -17.000000 5.902594
15.511135 -17.000000 5.898890
16.107718 -17.000000 5.923988
16.704300 -17.000000 5.980610
17.300880 -17.000000 6.005278
17.897463 -17.000000 5.996811
18.494045 -17.000000 6.009653
19.090628 -17.000000 6.039523
19.687210 -17.000000 6.065671
20.283792 -17.000000 6.116037
20.880375 -17.000000 6.191847
21.476955 -17.000000 6.256680
22.073538 -17.000000 6.300948
22.670120 -17.000000 6.344711
0.000000 -16.000000 6.462766
0.000000 -16.000000 0.000000
23.266703 -16.000000 6.211123
23.266703 -16.000000 0.000000
0.596582 -16.000000 6.387728
1.193164 -16.000000 6.319476
1.789746 -16.000000 6.268382
2.386328 -16.000000 6.218636
2.982911 -16.000000 6.182510
3.579493 -16.000000 6.164691
4.176075 -16.000000 6.146884
4.772657 -16.000000 6.108795
5.369239 -16.000000 6.021747
5.965821 -16.000000 5.953939
6.562403 -16.000000 5.930979
7.158985 -16.000000 5.935753
7.755568 -16.000000 5.923273
8.352150 -16.000000 5.869226
8.948731 -16.000000 5.794665
9.545314 -16.000000 5.739679
10.141896 -16.000000 5.713044
10.738478 -16.000000 5.718389
11.335060 -16.000000 5.734975
11.931643 -16.000000 5.724283
12.528224 -16.000000 5.696510
13.124806 -16.000000 5.695817
13.721389 -16.000000 5.718939
14.317970 -16.000000 5.736110
14.914553 -16.000000 5.744455
15.511135 -16.000000 5.754073
16.107718 -16.000000 5.800506
16.704300 -16.000000 5.871554
17.300880 -16.000000 5.885234
17.897463 -16.000000 5.866699
18.494045 -16.000000 5.865303
19.090628 -16.000000 5.880993
19.687210 -16.000000 5.897287
20.283792 -16.000000 5.937385
20.880375 -16.000000 5.999289
21.476955 -16.000000 6.044377
22.073538 -16.000000 6.090283
22.670120 -16.000000 6.151180
0.000000 -15.000000 6.513000
0.000000 -15.000000 0.000000
23.266703 -15.000000 6.225157
23.266703 -15.000000 0.000000
0.596582 -15.000000 6.432323
1.193164 -15.000000 6.360401
1.789746 -15.000000 6.351238
2.386328 -15.000000 6.364138
2.982911 -15.000000 6.347665
3.579493 -15.000000 6.304271
4.176075 -15.000000 6.237171
4.772657 -15.000000 6.170187
5.369239 -15.000000 6.091639
5.965821 -15.000000 6.047806
6.562403 -15.000000 6.067542
7.158985 -15.000000 6.100435
7.755568 -15.000000 6.080962
8.352150 -15.000000 6.008186
8.948731 -15.000000 5.897379
9.545314 -15.000000 5.789723
10.141896 -15.000000 5.719622
10.738478 -15.000000 5.673922
11.335060 -15.000000 5.651583
11.931643 -15.000000 5.634820
12.528224 -15.000000 5.611356
13.124806 -15.000000 5.605678
13.721389 -15.000000 5.606311
14.317970 -15.000000 5.597085
14.914553 -15.000000 5.584067
15.511135 -15.000000 5.617714
16.107718 -15.000000 5.691057
16.704300 -15.000000 5.748175
17.300880 -15.000000 5.763230
17.897463 -15.000000 5.742075
18.494045 -15.000000 5.724347
19.090628 -15.000000 5.729963
19.687210 -15.000000 5.773654
20.283792 -15.000000 5.848762
20.880375 -15.000000 5.935179
21.476955 -15.000000 6.009488
22.073538 -15.000000 6.083002
22.670120 -15.000000 6.151259
0.000000 -14.000000 6.621507
0.000000 -14.000000 0.000000
23.266703 -14.000000 6.449246
23.266703 -14.000000 0.000000
0.596582 -14.000000 6.519379
1.193164 -14.000000 6.467359
1.789746 -14.000000 6.472742
2.386328 -14.000000 6.473344
2.982911 -14.000000 6.423457
3.579493 -14.000000 6.353625
4.176075 -14.000000 6.277284
4.772657 -14.000000 6.221601
5.369239 -14.000000 6.189884
5.965821 -14.000000 6.193469
6.562403 -14.000000 6.228498
7.158985 -14.000000 6.220451
7.755568 -14.000000 6.156687
8.352150 -14.000000 6.063649
8.948731 -14.000000 5.964622
9.545314 -14.000000 5.864716
10.141896 -14.000000 5.770362
10.738478 -14.000000 5.688658
11.335060 -14.000000 5.640559
11.931643 -14.000000 5.653695
12.528224 -14.000000 5.684597
13.124806 -14.000000 5.688437
13.721389 -14.000000 5.654112
14.317970 -14.000000 5.590250
14.914553 -14.000000 5.524618
15.511135 -14.000000 5.510053
16.107718 -14.000000 5.540472
16.704300 -14.000000 5.587491
17.300880 -14.000000 5.626594
17.897463 -14.000000 5.611357
18.494045 -14.000000 5.584698
19.090628 -14.000000 5.626042
19.687210 -14.000000 5.749971
20.283792 -14.000000 5.902485
20.880375 -14.000000 6.046058
21.476955 -14.000000 6.172126
22.073538 -14.000000 6.272719
22.670120 -14.000000 6.361573
0.000000 -13.000000 6.639987
0.000000 -13.000000 0.000000
23.266703 -13.000000 6.655116
23.266703 -13.000000 0.000000
0.596582 -13.000000 6.588742
1.193164 -13.000000 6.586363
1.789746 -13.000000 6.571392
2.386328 -13.000000 6.508314
2.982911 -13.000000 6.436992
3.579493 -13.000000 6.371179
4.176075 -13.000000 6.330919
4.772657 -13.000000 6.328734
5.369239 -13.000000 6.351288
5.965821 -13.000000 6.362289
6.562403 -13.000000 6.349661
7.158985 -13.000000 6.269442
7.755568 -13.000000 6.158347
8.352150 -13.000000 6.041146
8.948731 -13.000000 5.958198
9.545314 -13.000000 5.901117
10.141896 -13.000000 5.818382
10.738478 -13.000000 5.736042
11.335060 -13.000000 5.734186
11.931643 -13.000000 5.824798
12.528224 -13.000000 5.914026
13.124806 -13.000000 5.933222
13.721389 -13.000000 5.888720
14.317970 -13.000000 5.782190
14.914553 -13.000000 5.668622
15.511135 -13.000000 5.564081
16.107718 -13.000000 5.487066
16.704300 -13.000000 5.455842
17.300880 -13.000000 5.471205
17.897463 -13.000000 5.478988
18.494045 -13.000000 5.483629
19.090628 -13.000000 5.573524
19.687210 -13.000000 5.733231
20.283792 -13.000000 5.895230
20.880375 -13.000000 6.042491
21.476955 -13.000000 6.199113
22.073538 -13.000000 6.360575
22.670120 -13.000000 6.526629
0.000000 -12.000000 6.702164
0.000000 -12.000000 0.000000
23.266703 -12.000000 6.760369
23.266703 -12.000000 0.000000
0.596582 -12.000000 6.690232
1.193164 -12.000000 6.664795
1.789746 -12.000000 6.608181
2.386328 -12.000000 6.548411
2.982911 -12.000000 6.513629
3.579493 -12.000000 6.469358
4.176075 -12.000000 6.463947
4.772657 -12.000000 6.490745
5.369239 -12.000000 6.499673
5.965821 -12.000000 6.468649
6.562403 -12.000000 6.403951
7.158985 -12.000000 6.295873
7.755568 -12.000000 6.158236
8.352150 -12.000000 6.041873
8.948731 -12.000000 5.990430
9.545314 -12.000000 5.959905
10.141896 -12.000000 5.873803
10.738478 -12.000000 5.814394
11.335060 -12.000000 5.877108
11.931643 -12.000000 6.004802
12.528224 -12.000000 6.092160
13.124806 -12.000000 6.109900
13.721389 -12.000000 6.064439
14.317970 -12.000000 5.958807
14.914553 -12.000000 5.842718
15.511135 -12.000000 5.721458
16.107718 -12.000000 5.574903
16.704300 -12.000000 5.441412
17.300880 -12.000000 5.363478
17.897463 -12.000000 5.358037
18.494045 -12.000000 5.391712
19.090628 -12.000000 5.489769
19.687210 -12.000000 5.607188
20.283792 -12.000000 5.727571
20.880375 -12.000000 5.869847
21.476955 -12.000000 6.054611
22.073538 -12.000000 6.291368
22.670120 -12.000000 6.553524
0.000000 -11.000000 6.848485
0.000000 -11.000000 0.000000
23.266703 -11.000000 6.606186
23.266703 -11.000000 0.000000
0.596582 -11.000000 6.806077
1.193164 -11.000000 6.739582
1.789746 -11.000000 6.680048
2.386328 -11.000000 6.662520
2.982911 -11.000000 6.661308
3.579493 -11.000000 6.638162
4.176075 -11.000000 6.607114
4.772657 -11.000000 6.573842
5.369239 -11.000000 6.516130
5.965821 -11.000000 6.440108
6.562403 -11.000000 6.365073
7.158985 -11.000000 6.281878
7.755568 -11.000000 6.174060
8.352150 -11.000000 6.082554
8.948731 -11.000000 6.042375
9.545314 -11.000000 5.968621
10.141896 -11.000000 5.893141
10.738478 -11.000000 5.935771
11.335060 -11.000000 6.058963
11.931643 -11.000000 6.179301
12.528224 -11.000000 6.235274
13.124806 -11.000000 6.230945
13.721389 -11.000000 6.162086
14.317970 -11.000000 6.041436
14.914553 -11.000000 5.911389
15.511135 -11.000000 5.787462
16.107718 -11.000000 5.649269
16.704300 -11.000000 5.515834
17.300880 -11.000000 5.382352
17.897463 -11.000000 5.309456
18.494045 -11.000000 5.312603
19.090628 -11.000000 5.384172
19.687210 -11.000000 5.482302
20.283792 -11.000000 5.592205
20.880375 -11.000000 5.725879
21.476955 -11.000000 5.884975
22.073538 -11.000000 6.115520
22.670120 -11.000000 6.388082
0.000000 -10.000000 6.949363
0.000000 -10.000000 0.000000
23.266703 -10.000000 6.189052
23.266703 -10.000000 0.000000
0.596582 -10.000000 6.876199
1.193164 -10.000000 6.806104
1.789746 -10.000000 6.750645
2.386328 -10.000000 6.719814
2.982911 -10.000000 6.703927
3.579493 -10.000000 6.674066
4.176075 -10.000000 6.618392
4.772657 -10.000000 6.538845
5.369239 -10.000000 6.438738
5.965821 -10.000000 6.347127
6.562403 -10.000000 6.287180
7.158985 -10.000000 6.246479
7.755568 -10.000000 6.205132
8.352150 -10.000000 6.141923
8.948731 -10.000000 6.063281
9.545314 -10.000000 5.979096
10.141896 -10.000000 5.984995
10.738478 -10.000000 6.101732
11.335060 -10.000000 6.235859
11.931643 -10.000000 6.328856
12.528224 -10.000000 6.356660
13.124806 -10.000000 6.303313
13.721389 -10.000000 6.191866
14.317970 -10.000000 6.062360
14.914553 -10.000000 5.926682
15.511135 -10.000000 5.814237
16.107718 -10.000000 5.737004
16.704300 -10.000000 5.663951
17.300880 -10.000000 5.534912
17.897463 -10.000000 5.384951
18.494045 -10.000000 5.287164
19.090628 -10.000000 5.268639
19.687210 -10.000000 5.325503
20.283792 -10.000000 5.436423
20.880375 -10.000000 5.554527
21.476955 -10.000000 5.664619
22.073538 -10.000000 5.817115
22.670120 -10.000000 6.006085
0.000000 -9.000000 6.987086
0.000000 -9.000000 0.000000
23.266703 -9.000000 5.755949
23.266703 -9.000000 0.000000
0.596582 -9.000000 6.902736
1.193164 -9.000000 6.813832
1.789746 -9.000000 6.727844
2.386328 -9.000000 6.664032
2.982911 -9.000000 6.615768
3.579493 -9.000000 6.565909
4.176075 -9.000000 6.513747
4.772657 -9.000000 6.449661
5.369239 -9.000000 6.380795
5.965821 -9.000000 6.318119
6.562403 -9.000000 6.297946
7.158985 -9.000000 6.298303
7.755568 -9.000000 6.278724
8.352150 -9.000000 6.199640
8.948731 -9.000000 6.071281
9.545314 -9.000000 6.029772
10.141896 -9.000000 6.133275
10.738478 -9.000000 6.268237
11.335060 -9.000000 6.368674
11.931643 -9.000000 6.434352
12.528224 -9.000000 6.439009
13.124806 -9.000000 6.355700
13.721389 -9.000000 6.222711
14.317970 -9.000000 6.100661
14.914553 -9.000000 5.993322
15.511135 -9.000000 5.949030
16.107718 -9.000000 5.950738
16.704300 -9.000000 5.913644
17.300880 -9.000000 5.787019
17.897463 -9.000000 5.604658
18.494045 -9.000000 5.427932
19.090628 -9.000000 5.284048
19.687210 -9.000000 5.213609
20.283792 -9.000000 5.247215
20.880375 -9.000000 5.328830
21.476955 -9.000000 5.424824
22.073538 -9.000000 5.519198
22.670120 -9.000000 5.623493
0.000000 -8.000000 6.971648
0.000000 -8.000000 0.000000
23.266703 -8.000000 5.373178
23.266703 -8.000000 0.000000
0.596582 -8.000000 6.902160
1.193164 -8.000000 6.790792
1.789746 -8.000000 6.692454
2.386328 -8.000000 6.616578
2.982911 -8.000000 6.556335
3.579493 -8.000000 6.497252
4.176075 -8.000000 6.455035
4.772657 -8.000000 6.426730
5.369239 -8.000000 6.400835
5.965821 -8.000000 6.381151
6.562403 -8.000000 6.387124
7.158985 -8.000000 6.379133
7.755568 -8.000000 6.323208
8.352150 -8.000000 6.207277
8.948731 -8.000000 6.093737
9.545314 -8.000000 6.110229
10.141896 -8.000000 6.247837
10.738478 -8.000000 6.379567
11.335060 -8.000000 6.479411
11.931643 -8.000000 6.543174
12.528224 -8.000000 6.538872
13.124806 -8.000000 6.441709
13.721389 -8.000000 6.326062
14.317970 -8.000000 6.220243
14.914553 -8.000000 6.147071
15.511135 -8.000000 6.161292
16.107718 -8.000000 6.181135
16.704300 -8.000000 6.130167
17.300880 -8.000000 6.016681
17.897463 -8.000000 5.864775
18.494045 -8.000000 5.684713
19.090628 -8.000000 5.475804
19.687210 -8.000000 5.279995
20.283792 -8.000000 5.159603
20.880375 -8.000000 5.150990
21.476955 -8.000000 5.201086
22.073538 -8.000000 5.253694
22.670120 -8.000000 5.306842
0.000000 -7.000000 6.911683
0.000000 -7.000000 0.000000
23.266703 -7.000000 5.113135
23.266703 -7.000000 0.000000
0.596582 -7.000000 6.885865
1.193164 -7.000000 6.788954
1.789746 -7.000000 6.692470
2.386328 -7.000000 6.630596
2.982911 -7.000000 6.594435
3.579493 -7.000000 6.559709
4.176075 -7.000000 6.550818
4.772657 -7.000000 6.551410
5.369239 -7.000000 6.535873
5.965821 -7.000000 6.497262
6.562403 -7.000000 6.438114
7.158985 -7.000000 6.358895
7.755568 -7.000000 6.274947
8.352150 -7.000000 6.192588
8.948731 -7.000000 6.161776
9.545314 -7.000000 6.228824
10.141896 -7.000000 6.334967
10.738478 -7.000000 6.454047
11.335060 -7.000000 6.573685
11.931643 -7.000000 6.657330
12.528224 -7.000000 6.662504
13.124806 -7.000000 6.593585
13.721389 -7.000000 6.500679
14.317970 -7.000000 6.404398
14.914553 -7.000000 6.344003
15.511135 -7.000000 6.362440
16.107718 -7.000000 6.376075
16.704300 -7.000000 6.316471
17.300880 -7.000000 6.198950
17.897463 -7.000000 6.049558
18.494045 -7.000000 5.844291
19.090628 -7.000000 5.595587
19.687210 -7.000000 5.375768
20.283792 -7.000000 5.234862
20.880375 -7.000000 5.201588
21.476955 -7.000000 5.191671
22.073538 -7.000000 5.175519
22.670120 -7.000000 5.139264
0.000000 -6.000000 6.857842
0.000000 -6.000000 0.000000
23.266703 -6.000000 5.136854
23.266703 -6.000000 0.000000
0.596582 -6.000000 6.902318
1.193164 -6.000000 6.868619
1.789746 -6.000000 6.790901
2.386328 -6.000000 6.743567
2.982911 -6.000000 6.729835
3.579493 -6.000000 6.701814
4.176075 -6.000000 6.658720
4.772657 -6.000000 6.633759
5.369239 -6.000000 6.587115
5.965821 -6.000000 6.498096
6.562403 -6.000000 6.393841
7.158985 -6.000000 6.299811
7.755568 -6.000000 6.259546
8.352150 -6.000000 6.247209
8.948731 -6.000000 6.277145
9.545314 -6.000000 6.357053
10.141896 -6.000000 6.438742
10.738478 -6.000000 6.537959
11.335060 -6.000000 6.631779
11.931643 -6.000000 6.708415
12.528224 -6.000000 6.734361
13.124806 -6.000000 6.708849
13.721389 -6.000000 6.639129
14.317970 -6.000000 6.561884
14.914553 -6.000000 6.516958
15.511135 -6.000000 6.514215
16.107718 -6.000000 6.474949
16.704300 -6.000000 6.382911
17.300880 -6.000000 6.229708
17.897463 -6.000000 6.064310
18.494045 -6.000000 5.843308
19.090628 -6.000000 5.578337
19.687210 -6.000000 5.417267
20.283792 -6.000000 5.435128
20.880375 -6.000000 5.549469
21.476955 -6.000000 5.577028
22.073538 -6.000000 5.480814
22.670120 -6.000000 5.308483
0.000000 -5.000000 6.811359
0.000000 -5.000000 0.000000
23.266703 -5.000000 5.431266
23.266703 -5.000000 0.000000
0.596582 -5.000000 6.925994
1.193164 -5.000000 6.957930
1.789746 -5.000000 6.932779
2.386328 -5.000000 6.896184
2.982911 -5.000000 6.857924
3.579493 -5.000000 6.780502
4.176075 -5.000000 6.671422
4.772657 -5.000000 6.583613
5.369239 -5.000000 6.518474
5.965821 -5.000000 6.442817
6.562403 -5.000000 6.350307
7.158985 -5.000000 6.289978
7.755568 -5.000000 6.320855
8.352150 -5.000000 6.371890
8.948731 -5.000000 6.402272
9.545314 -5.000000 6.461950
10.141896 -5.000000 6.545986
10.738478 -5.000000 6.615632
11.335060 -5.000000 6.642457
11.931643 -5.000000 6.661577
12.528224 -5.000000 6.673696
13.124806 -5.000000 6.655948
13.721389 -5.000000 6.635765
14.317970 -5.000000 6.603166
14.914553 -5.000000 6.556230
15.511135 -5.000000 6.483299
16.107718 -5.000000 6.370497
16.704300 -5.000000 6.247159
17.300880 -5.000000 6.089053
17.897463 -5.000000 5.912773
18.494045 -5.000000 5.727927
19.090628 -5.000000 5.574926
19.687210 -5.000000 5.574000
20.283792 -5.000000 5.738925
20.880375 -5.000000 5.936260
21.476955 -5.000000 6.030975
22.073538 -5.000000 5.931148
22.670120 -5.000000 5.704344
0.000000 -4.000000 6.818506
0.000000 -4.000000 0.000000
23.266703 -4.000000 5.651597
23.266703 -4.000000 0.000000
0.596582 -4.000000 6.967613
1.193164 -4.000000 7.060975
1.789746 -4.000000 7.077244
2.386328 -4.000000 7.016499
2.982911 -4.000000 6.899137
3.579493 -4.000000 6.770911
4.176075 -4.000000 6.652045
4.772657 -4.000000 6.551878
5.369239 -4.000000 6.486571
5.965821 -4.000000 6.425041
6.562403 -4.000000 6.369689
7.158985 -4.000000 6.357982
7.755568 -4.000000 6.411938
8.352150 -4.000000 6.477404
8.948731 -4.000000 6.518226
9.545314 -4.000000 6.563274
10.141896 -4.000000 6.612820
10.738478 -4.000000 6.639143
11.335060 -4.000000 6.605442
11.931643 -4.000000 6.530896
12.528224 -4.000000 6.494195
13.124806 -4.000000 6.470174
13.721389 -4.000000 6.465999
14.317970 -4.000000 6.456422
14.914553 -4.000000 6.394507
15.511135 -4.000000 6.271383
16.107718 -4.000000 6.140732
16.704300 -4.000000 6.030659
17.300880 -4.000000 5.916972
17.897463 -4.000000 5.791331
18.494045 -4.000000 5.669842
19.090628 -4.000000 5.679622
19.687210 -4.000000 5.849253
20.283792 -4.000000 6.073682
20.880375 -4.000000 6.234611
21.476955 -4.000000 6.257390
22.073538 -4.000000 6.117133
22.670120 -4.000000 5.898505
0.000000 -3.000000 6.828841
0.000000 -3.000000 0.000000
23.266703 -3.000000 5.793104
23.266703 -3.000000 0.000000
0.596582 -3.000000 6.979591
1.193164 -3.000000 7.123903
1.789746 -3.000000 7.176505
2.386328 -3.000000 7.089814
2.982911 -3.000000 6.925678
3.579493 -3.000000 6.774758
4.176075 -3.000000 6.677146
4.772657 -3.000000 6.617648
5.369239 -3.000000 6.564414
5.965821 -3.000000 6.482796
6.562403 -3.000000 6.433354
7.158985 -3.000000 6.456891
7.755568 -3.000000 6.508357
8.352150 -3.000000 6.555888
8.948731 -3.000000 6.608740
9.545314 -3.000000 6.652745
10.141896 -3.000000 6.668181
10.738478 -3.000000 6.645165
11.335060 -3.000000 6.567433
11.931643 -3.000000 6.442205
12.528224 -3.000000 6.362456
13.124806 -3.000000 6.307313
13.721389 -3.000000 6.273540
14.317970 -3.000000 6.261509
14.914553 -3.000000 6.203625
15.511135 -3.000000 6.115431
16.107718 -3.000000 6.041751
16.704300 -3.000000 6.007672
17.300880 -3.000000 5.961098
17.897463 -3.000000 5.873926
18.494045 -3.000000 5.804267
19.090628 -3.000000 5.879045
19.687210 -3.000000 6.093874
20.283792 -3.000000 6.319406
20.880375 -3.000000 6.442520
21.476955 -3.000000 6.379159
22.073538 -3.000000 6.179289
22.670120 -3.000000 5.963963
0.000000 -2.000000 6.802022
0.000000 -2.000000 0.000000
23.266703 -2.000000 5.995708
23.266703 -2.000000 0.000000
0.596582 -2.000000 6.955049
1.193164 -2.000000 7.128536
1.789746 -2.000000 7.210200
2.386328 -2.000000 7.153930
2.982911 -2.000000 7.015862
3.579493 -2.000000 6.880900
4.176075 -2.000000 6.782314
4.772657 -2.000000 6.708625
5.369239 -2.000000 6.650575
5.965821 -2.000000 6.579753
6.562403 -2.000000 6.519193
7.158985 -2.000000 6.555111
7.755568 -2.000000 6.626158
8.352150 -2.000000 6.670907
8.948731 -2.000000 6.705354
9.545314 -2.000000 6.726104
10.141896 -2.000000 6.714778
10.738478 -2.000000 6.657634
11.335060 -2.000000 6.563423
11.931643 -2.000000 6.443535
12.528224 -2.000000 6.345092
13.124806 -2.000000 6.289370
13.721389 -2.000000 6.263309
14.317970 -2.000000 6.225436
14.914553 -2.000000 6.172023
15.511135 -2.000000 6.159503
16.107718 -2.000000 6.204047
16.704300 -2.000000 6.227297
17.300880 -2.000000 6.167419
17.897463 -2.000000 6.034678
18.494045 -2.000000 5.967642
19.090628 -2.000000 6.067619
19.687210 -2.000000 6.265167
20.283792 -2.000000 6.460663
20.880375 -2.000000 6.569800
21.476955 -2.000000 6.524147
22.073538 -2.000000 6.343026
22.670120 -2.000000 6.141325
0.000000 -1.000000 6.794658
0.000000 -1.000000 0.000000
23.266703 -1.000000 6.248365
23.266703 -1.000000 0.000000
0.596582 -1.000000 6.942906
1.193164 -1.000000 7.111728
1.789746 -1.000000 7.214683
2.386328 -1.000000 7.212074
2.982911 -1.000000 7.132008
3.579493 -1.000000 7.039267
4.176075 -1.000000 6.957427
4.772657 -1.000000 6.881487
5.369239 -1.000000 6.815391
5.965821 -1.000000 6.748285
6.562403 -1.000000 6.660859
7.158985 -1.000000 6.641378
7.755568 -1.000000 6.707913
8.352150 -1.000000 6.782177
8.948731 -1.000000 6.810909
9.545314 -1.000000 6.794262
10.141896 -1.000000 6.731983
10.738478 -1.000000 6.641105
11.335060 -1.000000 6.556646
11.931643 -1.000000 6.457627
12.528224 -1.000000 6.392691
13.124806 -1.000000 6.416215
13.721389 -1.000000 6.449499
14.317970 -1.000000 6.413739
14.914553 -1.000000 6.349701
15.511135 -1.000000 6.356442
16.107718 -1.000000 6.403110
16.704300 -1.000000 6.358870
17.300880 -1.000000 6.235770
17.897463 -1.000000 6.101182
18.494045 -1.000000 6.093376
19.090628 -1.000000 6.225481
19.687210 -1.000000 6.401094
20.283792 -1.000000 6.576759
20.880375 -1.000000 6.699428
21.476955 -1.000000 6.703830
22.073538 -1.000000 6.581583
22.670120 -1.000000 6.405935
0.000000 0.000000 6.821399
0.000000 0.000000 0.000000
23.266703 0.000000 6.440723
23.266703 0.000000 0.000000
0.596582 0.000000 6.931520
1.193164 0.000000 7.057327
1.789746 0.000000 7.177404
2.386328 0.000000 7.223217
2.982911 0.000000 7.193072
3.579493 0.000000 7.145107
4.176075 0.000000 7.106678
4.772657 0.000000 7.058264
5.369239 0.000000 6.995153
5.965821 0.000000 6.919139
6.562403 0.000000 6.834868
7.158985 0.000000 6.810204
7.755568 0.000000 6.858291
8.352150 0.000000 6.886346
8.948731 0.000000 6.868394
9.545314 0.000000 6.805247
10.141896 0.000000 6.715916
10.738478 0.000000 6.641335
11.335060 0.000000 6.599318
11.931643 0.000000 6.540232
12.528224 0.000000 6.488423
13.124806 0.000000 6.526909
13.721389 0.000000 6.605693
14.317970 0.000000 6.611997
14.914553 0.000000 6.544522
15.511135 0.000000 6.527298
16.107718 0.000000 6.511127
16.704300 0.000000 6.403488
17.300880 0.000000 6.277844
17.897463 0.000000 6.164088
18.494045 0.000000 6.185392
19.090628 0.000000 6.315757
19.687210 0.000000 6.485570
20.283792 0.000000 6.651283
20.880375 0.000000 6.779566
21.476955 0.000000 6.796817
22.073538 0.000000 6.715136
22.670120 0.000000 6.583761
0.596582 0.000000 0.000000
1.193164 0.000000 0.000000
1.789746 0.000000 0.000000
2.386328 0.000000 0.000000
2.982911 0.000000 0.000000
3.579493 0.000000 0.000000
4.176075 0.000000 0.000000
4.772657 0.000000 0.000000
5.369239 0.000000 0.000000
5.965821 0.000000 0.000000
6.562403 0.000000 0.000000
7.158985 0.000000 0.000000
7.755568 0.000000 0.000000
8.352150 0.000000 0.000000
8.948731 0.000000 0.000000
9.545314 0.000000 0.000000
10.141896 0.000000 0.000000
10.738478 0.000000 0.000000
11.335060 0.000000 0.000000
11.931643 0.000000 0.000000
12.528224 0.000000 0.000000
13.124806 0.000000 0.000000
13.721389 0.000000 0.000000
14.317970 0.000000 0.000000
14.914553 0.000000 0.000000
15.511135 0.000000 0.000000
16.107718 0.000000 0.000000
16.704300 0.000000 0.000000
17.300880 0.000000 0.000000
17.897463 0.000000 0.000000
18.494045 0.000000 0.000000
19.090628 0.000000 0.000000
19.687210 0.000000 0.000000
20.283792 0.000000 0.000000
20.880375 0.000000 0.000000
21.476955 0.000000 0.000000
22.073538 0.000000 0.000000
22.670120 0.000000 0.000000
